&F   0=00000000000000000003000300000000 
BF7615BM44_TQFP44                       
HEAD-8                                  
030C00010211000E05010100000F000001010D46
030C00010201000005000601BA0506691E010D46
      102       11      203        0    
   134.84   348.54     0.40     6.00    
        1        1       20        8    
        1        1        1        1    
   330.00   130.00    15.60    15.20    
        1        1        1        0    
    10.40    16.50     1.55     0.00    
     0.00     0.00     0.00     0.00    
        1        1        1        1    
       11       11       11       11    
        0        0        0        0    
     0.00     0.00     0.00     0.00    
     0.00     0.00     0.00     0.00    
     0.80     0.80     0.80     0.80    
     0.00     0.00     0.00     0.00    
     0.50     0.50     0.50     0.50    
     0.00     0.00     0.00     0.00    
    -4.00    -4.00     5.20    -5.20    
     0.00     0.00     0.00     0.00    
     8.25    -8.25     4.00     4.00    
     0.00     0.00     0.00     0.00    
     0.00     0.00     0.00     0.00    
        3        0        0        0    
        0        0        0        0    
     1.70     3.30     0.00     0.00    
        0        0        0        0    
        0        0        0        0    
