&F   0=00000000000000000003000300000000 
HEAD-7                                  
74HC595_SOP16                           
000400000015000404010000000500000101143C
000400000001000009010903191E07501E01143C
      100       29      203        0    
   367.13   -31.56     0.40     4.00    
        1        1        1        1    
        1        1        1        1    
   235.00   180.00     1.00     1.00    
        1        1        1        0    
     4.00    10.00     1.50     0.00    
     0.00     0.00     0.00     0.00    
        0        0        1        1    
        0        0        8        8    
        0        0        0        0    
     0.00     0.00     0.50     0.50    
     0.00     0.00     0.00     0.00    
     0.00     0.00     1.27     1.27    
     0.00     0.00     0.00     0.00    
     0.00     0.00     0.45     0.45    
     0.00     0.00     0.00     0.00    
     0.00     0.00     2.00    -2.00    
     0.00     0.00     0.00     0.00    
     0.00     0.00     4.44     4.44    
     0.00     0.00     0.00     0.00    
     0.00     0.00     0.00     0.00    
        3        0        0        0    
        0        0        2        2    
     1.70     3.30     0.00     0.00    
        0        0        0        0    
        0        0        0        0    
