&F   0=00000000000000000003000300000000 
4K7_0805                                
HEAD-1-2-3-4-5                          
0000000000010002070100000001000001010000
000000000002000000010004FB0A07691E010000
      100       21      203        0    
   239.06   -31.51     0.40     1.50    
        1        1        1        1    
        1        1        1        1    
   235.00   180.00     1.00     1.00    
        1        1        1        0    
     1.27     2.00     0.45     0.00    
     0.00     0.00     0.00     0.00    
        1        1        0        0    
        1        1        0        0    
        0        0        0        0    
     1.00     1.00     0.00     0.00    
     0.00     0.00     0.00     0.00    
     1.00     1.00     0.00     0.00    
     0.00     0.00     0.00     0.00    
     1.27     1.27     0.00     0.00    
     0.00     0.00     0.00     0.00    
     0.00     0.00     0.00     0.00    
     0.00     0.00     0.00     0.00    
     1.00    -1.00     0.00     0.00    
     0.00     0.00     0.00     0.00    
     0.00     0.00     0.00     0.00    
        3        0        0        0    
        3        3        0        0    
     1.70     3.30     0.00     0.00    
        0        0        0        0    
        0        0        0        0    
