&F   0=00000000000000000003000300000000 
BC817_SOT23                             
HEAD-1-2-3-4-5                          
0000000000010003030100000002000001011E46
0000000000010000000100020A0C074232011E46
      100       39      203        0    
   527.18   -31.60     0.40     2.00    
        1        1        1        1    
        1        1        1        1    
   235.00   180.00     1.00     1.00    
        1        1        1        0    
     2.90     2.40     0.90     0.00    
     0.00     0.00     0.00     0.00    
        1        1        0        0    
        2        1        0        0    
        0        0        0        0    
     0.25     0.25     0.00     0.00    
     0.00     0.00     0.00     0.00    
     1.90     1.90     0.00     0.00    
     0.00     0.00     0.00     0.00    
     0.30     0.30     0.00     0.00    
     0.00     0.00     0.00     0.00    
    -0.95     0.00     0.00     0.00    
     0.00     0.00     0.00     0.00    
     1.20    -1.20     0.00     0.00    
     0.00     0.00     0.00     0.00    
     0.00     0.00     0.00     0.00    
        2        0        0        0    
        2        2        0        0    
     1.70     3.30     0.00     0.00    
        0        0        0        0    
        0        0        0        0    
