&F   0=00000000000000000003000300000000 
BF7612CM28_SOP28                        
HEAD-8                                  
010A000102160006040100000005000001011F46
010A00010201000009010903000F06691E011F46
      100       11      203        0    
    75.00   -38.00     0.40     6.00    
        1        1        1        1    
        1        1        1        1    
   235.00   180.00     1.00     1.00    
        1        1        1        0    
    10.40    16.50     1.55     0.00    
     0.00     0.00     0.00     0.00    
        0        0        1        1    
        0        0       14       14    
        0        0        0        0    
     0.00     0.00     0.70     0.70    
     0.00     0.00     0.00     0.00    
     0.00     0.00     1.27     1.27    
     0.00     0.00     0.00     0.00    
     0.00     0.00     0.40     0.40    
     0.00     0.00     0.00     0.00    
     0.00     0.00     5.20    -5.20    
     0.00     0.00     0.00     0.00    
     0.00     0.00     8.26     8.26    
     0.00     0.00     0.00     0.00    
     0.00     0.00     0.00     0.00    
        3        0        0        0    
        0        0        3        3    
     1.70     3.30     0.00     0.00    
        0        0        0        0    
        0        0        0        0    
